------Table Size ( 2000000 ) ------
Eps      d       w       MeanS   MedianS
2        1       2000000         8.35171878201145        8.35171878201145
2        1       2000000         8.3330380624547         8.3330380624547
2        1       2000000         8.35186639403791        8.35186639403791
2        1       2000000         8.3659631476456         8.3659631476456
2        1       2000000         8.37994357371708        8.37994357371708
2        1       2000000         8.39444943589493        8.39444943589493
2        2       1000000         13.0648973817231        13.0648973817231
2        2       1000000         13.047241310799         13.047241310799
2        2       1000000         13.0648659517794        13.0648659517794
2        2       1000000         13.082125567993         13.082125567993
2        2       1000000         13.0990012691185        13.0990012691185
2        2       1000000         13.1161476758564        13.1161476758564
2        4       500000  	20.0264918296289        8.89662978975386
2        4       500000  	20.0069298194059        8.85167603620692
2        4       500000  	20.0261133190414        8.89673814646895
2        4       500000  	20.0454806958769        8.94195986615184
2        4       500000  	20.0642330692266        8.98448475194918
2        4       500000  	20.0830692534739        9.02770687084352
2        5       400000  	22.0163381508883        8.42265052287572
2        5       400000  	21.9946652804802        8.35001789359417
2        5       400000  	22.0166209474256        8.42412173545807
2        5       400000  	22.0382687472065        8.49457961239737
2        5       400000  	22.0596649531807        8.5654913740085
2        5       400000 	22.0817900364478        8.63482704718827
2        10      200000  	32.1518532834535        10.1538113884938
2        10      200000  	32.1219924054016        10.034714488986
2        10      200000  	32.1506289619953        10.1514040942723
2        10      200000  	32.1791938691827        10.2648566784365
2        10      200000  	32.2075353273637        10.3760379168503
2        10      200000  	32.2352904052358        10.4812125291181
2        16      125000  	57.8626126717736        28.977817597188
2        16      125000  	57.8537169681517        28.9049399220105
2        16      125000  	57.8658803696396        28.9789572494203
2        16      125000  	57.8747388669154        29.0417182931831
2        16      125000  	57.8837661072372        29.1125002165928
2        16      125000  	57.8912531931759        29.177605999661
2        20      100000  	82.8091923874038        48.900931685426
2        20      100000  	82.8102272348685        48.8584283662522
2        20      100000  	82.8093243484704        48.9056680787939
2        20      100000  	82.8106856450678        48.9497521450432
2        20      100000  	82.8096289899087        48.9960788766267
2        20      100000  	82.820969314455         49.0502921987233
2        25      80000   117.017954381154        82.0349819608251
2        25      80000   117.014806964546        81.934832454964
2        25      80000   117.020486708135        82.0333159790139
2        25      80000   117.02502005924         82.1319546186079
2        25      80000   117.031051676946        82.2317301701019
2        25      80000   117.042027638925        82.3436889250524
2        32      62500   167.716367364187        147.415159078405
2        32      62500   167.712104809843        147.139849552975
2        32      62500   167.718577020945        147.422574308448
2        32      62500   167.7253654876  147.700155245473
2        32      62500   167.724631170994        147.952449484871
2        32      62500   167.727203952488        148.190720209213
2        40      50000   234.483583726684        246.831637328148
2        40      50000   234.484359943904        246.766414643631
2        40      50000   234.467856758509        246.809597484198
2        40      50000   234.469191783279        246.902248327139
2        40      50000   234.479554012287        246.970864245771
2        40      50000   234.493245675196        247.046119164741
2        50      40000   290.088705518743        279.557322648084
2        50      40000   290.102897920757        279.473852409226
2        50      40000   290.096795952215        279.624671461753
2        50      40000   290.09026817166         279.774502475927
2        50      40000   290.107676709104        279.946727931509
2        50      40000   290.099754645165        280.078279766355
2        64      31250   374.790630871182        357.044421516548
2        64      31250   374.799848915613        356.3441885544
2        64      31250   374.832861301046        357.064271932692
2        64      31250   374.857198795948        357.775538095859
2        64      31250   374.857502220254        358.402919390295
2        64      31250   374.880281021507        359.02450106403
2        80      25000   509.279202146215        523.31833168039
2        80      25000   509.275256259333        523.161503702302
2        80      25000   509.246261249137        523.307123620734
2        80      25000   509.26346361518         523.485442476688
2        80      25000   509.321117603374        523.717777791003
2        80      25000   509.302287808533        523.797897737178
2        100     20000   625.658395988114        639.365123797955
2        100     20000   625.643176730317        639.478689920513
2        100     20000   625.663033881995        639.367946129339
2        100     20000   625.695752785843        639.250079402763
2        100     20000   625.743180172483        639.084618320624
2        100     20000   625.735101623217        638.901086040833
2        125     16000   634.097090225138        642.701492451426
2        125     16000   634.096925299522        642.457550811754
2        125     16000   634.120847380222        642.733236561434
2        125     16000   634.100880420632        642.856424936699
2        125     16000   634.075474704127        642.82655573517
2        125     16000   634.077829274655        642.839470344502
2        128     15625   93.8126997246648        21.5800247938296
2        128     15625   93.7279176596414        20.86424631317
2        128     15625   93.8183791550396        21.6524311993119
2        128     15625   93.9031313116783        22.3282508653558
2        128     15625   93.9870142503388        22.9345158771571
2        128     15625   94.0755057225193        23.5504459984736
2        128     15625   93.8126997246648        21.5800247938296
2        128     15625   93.7279176596414        20.86424631317
2        128     15625   93.8183791550396        21.6524311993119
2        128     15625   93.9031313116783        22.3282508653558
2        128     15625   93.9870142503388        22.9345158771571
2        128     15625   94.0755057225193        23.5504459984736
2        160     12500   622.716655016443        636.49622024299
2        160     12500   622.715103207894        638.901313498468
2        160     12500   622.709359098925        636.48516960727
2        160     12500   622.724788782333        634.190644654472
2        160     12500   622.666024884372        632.019953502879
2        160     12500   622.681613542297        630.232762602595
2        250     8000    639.884536194346        200.370539094156
2        250     8000    639.864654436332        179.932253384953
2        250     8000    639.875387821886        200.476870383327
2        250     8000    639.903818380456        217.487565044199
2        250     8000    639.936416090735        232.061338139192
2        250     8000    639.955531625719        244.696012583722
2        320     6250    633.322351477914        221.144850424243
2        320     6250    633.328253464257        211.595322504384
2        320     6250    633.358249746321        220.753220953983
2        320     6250    633.360858567747        229.630328825703
2        320     6250    633.342896328226        238.041973985738
2        320     6250    633.421518669354        246.171246761987
2        400     5000    634.481784233897        225.438610461284
2        400     5000    634.50162301813         218.072039504808
2        400     5000    634.550482149323        225.17917744087
2        400     5000    634.570679764555        232.29607400568
2        400     5000    634.601797637389        239.14384922826
2        400     5000    634.682271517409        245.743117534057
2        500     4000    640.60153852416         133.070834867337
2        500     4000    640.628940869128        108.125393417735
2        500     4000    640.626678572946        133.082338764702
2        500     4000    640.666405521914        151.496874452586
2        500     4000    640.656990541359        165.953239220568
2        500     4000    640.567640203601        177.795828265428
2        625     3200    660.276903374522        124.153919191549
2        625     3200    660.29097701404         105.017570368087
2        625     3200    660.29908999914         123.969679392135
2        625     3200    660.285361693048        139.0770619516
2        625     3200    660.321504839543        150.846350457037
2        625     3200    660.278325173806        161.114369655328