3	1	1.36977788934083	
3	0.25	1.36977788934083		
3	0.0625	1.36977788934083		
3	0.015625	1.36977788934083		
3	0.00390625	0.891714075850031		
3	0.0009765625	0.891714075850031	
5	1	1.7053687794655	
5	0.25	1.7053687794655	
5	0.0625	1.7053687794655	
5	0.015625	1.7053687794655		
5	0.00390625	0.891714075850031		
5	0.0009765625	0.891714075850031	
10	1	2.05232045209535		
10	0.25	2.05232045209535		
10	0.0625	2.05232045209535		
10	0.015625	1.7053687794655		
10	0.00390625	0.891714075850031		
10	0.0009765625	0.891714075850031		
20	1	2.49634485839324		
20	0.25	2.49634485839324		
20	0.0625	2.49634485839324		
20	0.015625	1.7053687794655		
20	0.00390625	0.891714075850031		
20	0.0009765625	0.891714075850031
50	1	3.44670314631105		
50	0.25	3.44670314631105		
50	0.0625	3.44670314631105		
50	0.015625	1.7053687794655		
50	0.00390625	0.891714075850031		
50	0.0009765625	0.891714075850031	
100	1	4.55065590115972		
100	0.25	4.55065590115972		
100	0.0625	4.55065590115972		
100	0.015625	1.7053687794655		
100	0.00390625	0.891714075850031		
100	0.0009765625	0.891714075850031	