3	1	99.4928399903251		
3	0.25	99.4928399903251		
3	0.0625	99.4928399903251		
3	0.015625	99.4928399903251		
3	0.00390625	99.4928399903251		
3	0.0009765625	99.4928399903251	
5	1	99.8568742084191		
5	0.25	99.8568742084191		
5	0.0625	99.8568742084191		
5	0.015625	99.8568742084191		
5	0.00390625	99.8568742084191		
5	0.0009765625	99.8568742084191	
10	1	99.9600187597253		
10	0.25	99.9600187597253		
10	0.0625	99.9600187597253	
10	0.015625	99.9600187597253		
10	0.00390625	99.9600187597253		
10	0.0009765625	99.9600187597253	
20	1	99.9652138408971		
20	0.25	99.9652138408971		
20	0.0625	99.9652138408971		
20	0.015625	99.9652138408971		
20	0.00390625	99.9652138408971		
20	0.0009765625	99.9652138408971	
50	1	99.9652138408971		
50	0.25	99.9652138408971		
50	0.0625	99.9652138408971		
50	0.015625	99.9652138408971		
50	0.00390625	99.9652138408971	
50	0.0009765625	99.9652138408971	
100	1	99.9649005696707		
100	0.25	99.9649005696707		
100	0.0625	99.9649005696707		
100	0.015625	99.9649005696707		
100	0.00390625	99.9649005696707		
100	0.0009765625	99.9649005696707	